200
0 600 689 985 692 738 385 363 858 776 162 789 729 226 300 413 637 770 810 346 579 88 107 457 291 112 99 844 83 674 566 327 2 835 966 335 768 246 858 797 74 172 397 251 783 441 606 530 923 381 695 547 546 828 690 215 598 142 283 17 774 413 166 113 180 19 443 18 807 187 994 649 108 253 791 710 29 846 213 857 358 439 760 909 234 475 526 752 803 765 316 559 923 536 289 319 839 459 545 675 683 981 643 162 579 106 644 828 72 193 640 655 240 8 150 526 666 798 350 918 465 82 21 73 204 867 873 664 236 197 890 200 602 385 279 395 264 834 690 124 200 284 872 159 710 987 628 453 412 872 322 682 380 10 663 259 525 521 89 508 466 390 606 382 13 197 196 133 674 715 198 927 358 817 158 780 162 716 111 380 927 113 665 528 69 137 125 200 463 813 517 556 382 862 849 926 960 880 171 317 
600 0 671 119 18 501 163 563 928 564 40 220 760 726 670 221 497 358 353 238 151 895 651 642 590 370 683 352 60 449 259 601 192 712 648 646 478 270 994 739 546 474 688 27 829 283 489 766 722 810 457 561 580 900 255 642 810 419 165 80 188 568 640 759 851 605 954 895 112 165 0 57 316 620 711 43 807 906 327 23 233 321 832 436 912 526 364 435 774 358 789 130 802 190 550 764 877 979 934 206 638 523 214 538 882 407 900 234 886 919 404 424 558 707 403 222 570 182 805 838 342 716 687 783 676 380 268 336 739 174 936 43 628 371 228 407 204 194 106 326 506 544 664 169 192 422 732 889 326 359 92 12 348 501 771 563 588 158 446 687 122 220 355 837 992 373 212 43 283 967 45 592 724 576 864 289 70 490 772 304 318 456 788 929 355 237 845 822 28 660 270 236 117 998 155 627 534 273 989 215 
689 671 0 429 134 490 363 928 632 755 764 559 967 961 289 144 101 495 836 683 159 971 302 410 612 584 480 74 546 440 854 161 425 185 299 870 22 357 564 886 646 597 263 430 262 703 995 798 709 144 249 477 873 753 735 731 114 740 172 16 848 605 297 124 296 49 515 404 744 35 609 322 123 785 50 172 516 338 479 766 861 49 351 329 155 998 284 7 829 86 41 61 324 402 73 411 422 644 338 380 743 317 688 986 116 31 237 882 955 609 643 366 565 695 582 240 395 818 22 860 27 410 982 740 58 550 28 46 773 490 568 878 628 359 243 279 466 462 843 57 814 525 154 550 745 668 63 242 922 496 966 860 481 869 612 650 965 55 67 267 562 194 765 454 19 260 935 383 477 344 692 602 894 253 863 974 902 87 734 867 310 951 903 92 824 939 655 114 396 426 33 677 339 705 221 905 73 717 699 652 
985 119 429 0 675 509 997 327 204 230 858 683 820 724 74 248 505 528 385 997 20 513 879 26 82 933 825 889 784 573 544 602 832 835 930 188 236 200 494 580 855 672 672 653 368 137 851 358 103 374 916 474 919 654 361 563 452 614 795 186 439 265 665 779 410 715 271 561 510 234 44 816 125 524 937 141 198 790 529 791 9 597 584 347 541 736 921 174 203 914 750 388 765 361 401 537 908 288 351 713 457 803 18 978 840 457 591 751 433 660 554 633 240 764 167 561 733 174 799 626 339 777 40 545 298 343 358 897 171 138 807 454 731 286 927 836 305 407 359 8 997 806 847 821 360 857 915 129 940 886 205 227 822 706 993 583 557 300 597 946 854 90 829 837 790 310 575 28 765 714 121 205 517 650 536 384 241 49 201 563 373 976 827 610 888 489 249 19 140 190 146 555 62 292 279 296 653 111 581 109 
692 18 134 675 0 317 377 30 70 654 937 745 698 370 222 874 431 111 831 453 690 521 204 665 735 360 95 755 955 562 391 91 936 512 618 443 508 923 936 843 179 19 258 621 589 628 559 936 389 39 939 98 276 653 739 840 196 460 655 741 886 425 216 529 3 187 337 977 246 20 367 453 116 49 143 886 387 508 411 449 145 224 179 48 405 287 954 228 972 989 93 22 270 339 246 956 402 292 881 446 465 729 136 139 82 679 739 381 674 740 448 771 728 764 16 874 722 526 932 168 951 989 895 521 941 618 939 768 298 69 878 665 692 347 774 18 47 653 951 217 945 213 118 8 583 538 979 317 16 605 959 333 268 641 744 636 510 641 739 225 497 320 188 242 101 359 170 782 930 987 601 56 152 322 541 858 760 929 438 436 706 149 414 561 583 902 413 174 269 643 41 132 99 254 93 233 287 709 434 942 
738 501 490 509 317 0 615 935 326 884 721 3 656 985 234 396 656 938 891 787 968 924 441 551 368 305 175 251 28 344 998 108 416 795 510 639 373 760 734 273 489 442 417 259 228 332 619 969 855 839 448 779 994 490 929 892 985 973 47 614 220 849 898 206 466 410 923 799 512 168 341 186 384 682 843 238 443 60 274 648 266 924 920 542 324 327 1 316 882 701 766 276 304 987 452 853 37 755 212 874 231 827 613 901 594 328 426 438 295 480 344 904 256 883 989 731 248 458 715 896 247 156 24 519 334 973 702 15 610 736 170 404 670 280 317 341 768 363 191 331 41 54 841 552 951 897 852 690 82 6 857 757 764 541 288 303 179 479 393 267 439 4 490 456 307 107 392 441 827 196 679 232 232 314 89 313 676 704 722 774 18 485 471 924 38 244 566 544 634 474 746 141 695 782 958 785 998 574 548 659 
385 163 363 997 377 615 0 174 639 994 76 454 553 271 755 427 579 614 805 694 564 161 279 255 280 589 88 741 49 772 453 149 808 952 941 924 147 999 601 136 746 49 779 519 703 921 704 992 92 4 323 135 599 605 53 487 192 432 748 885 640 73 77 92 605 872 484 25 667 48 535 815 114 510 772 124 913 740 76 900 423 173 108 905 641 590 274 170 690 576 61 418 795 139 168 638 549 662 352 13 786 380 327 228 463 462 756 354 466 626 606 880 417 603 827 146 799 594 301 670 426 876 814 140 207 747 165 241 110 387 57 689 700 416 894 416 61 740 251 162 417 568 730 246 625 578 792 101 986 326 542 697 394 798 237 649 166 231 778 798 478 397 11 383 186 382 660 565 61 129 383 613 692 936 285 94 669 496 584 856 992 845 909 1 403 65 709 476 353 214 772 345 393 671 290 830 11 878 471 918 
363 563 928 327 30 935 174 0 865 535 872 99 486 616 919 398 647 680 370 893 921 231 219 766 707 950 869 544 128 692 118 155 988 411 973 520 607 22 296 643 771 523 243 37 948 925 246 6 712 776 15 94 264 365 499 604 727 795 878 785 815 892 638 420 902 286 96 722 924 239 597 254 750 945 799 613 851 34 258 258 811 799 281 335 748 626 817 903 871 63 2 458 645 952 200 731 243 151 177 119 76 87 323 897 663 26 768 843 432 271 793 189 323 782 247 15 5 311 342 535 308 929 475 38 890 98 363 615 612 916 912 230 258 117 602 36 621 954 561 25 102 909 817 76 191 472 496 949 232 180 146 876 465 129 176 663 339 551 21 801 466 205 15 981 130 838 503 933 535 798 754 93 985 18 346 984 180 204 550 495 179 704 420 853 27 487 348 956 412 306 91 587 711 585 116 800 365 733 975 485 
858 928 632 204 70 326 639 865 0 349 944 940 548 411 702 622 430 797 160 593 565 736 861 996 886 846 82 382 115 471 766 275 327 319 330 5 222 367 594 873 120 936 393 692 417 814 451 565 76 948 13 409 200 321 216 881 316 939 769 620 129 667 511 665 106 84 740 309 516 380 122 616 48 198 695 883 864 5 93 987 645 46 966 95 941 843 366 14 98 579 777 325 130 90 966 267 894 620 79 984 499 571 193 139 510 658 693 532 551 762 822 245 842 549 812 82 276 143 764 360 242 788 6 271 716 13 621 274 827 806 364 317 972 596 470 68 660 119 911 270 489 138 390 991 219 23 91 905 245 696 550 736 682 71 442 695 244 457 178 24 406 948 118 890 487 872 825 159 73 958 658 137 368 399 794 187 955 773 839 298 603 183 522 19 695 112 131 134 73 270 4 101 916 245 796 544 179 934 151 250 
776 564 755 230 654 884 994 535 349 0 701 787 44 125 304 551 327 169 418 647 928 834 686 254 364 963 813 191 537 10 768 851 427 347 243 379 846 241 118 174 675 220 980 512 981 245 853 711 507 563 763 745 355 514 381 307 52 113 536 907 909 93 945 595 376 410 135 990 795 215 886 569 494 249 975 808 664 832 379 666 208 625 26 178 41 28 222 346 440 881 811 60 650 419 361 863 695 115 110 447 858 469 823 310 521 140 437 343 268 870 842 774 860 620 53 321 993 928 138 687 192 538 985 723 308 457 924 436 970 688 346 453 328 382 261 522 196 900 41 561 773 777 509 471 7 159 993 219 90 282 769 285 793 612 390 115 532 754 406 720 563 333 752 878 432 716 958 39 709 427 903 971 506 764 318 472 837 457 841 290 209 774 166 577 837 159 416 25 505 520 73 304 91 461 432 394 773 122 47 781 
162 40 764 858 937 721 76 872 944 701 0 545 3 245 285 100 49 558 177 847 773 144 829 404 18 93 301 24 39 503 266 917 91 447 781 430 875 865 799 81 670 678 419 373 831 266 158 300 176 496 923 740 16 975 562 225 39 804 909 911 770 520 285 827 52 161 282 209 130 914 985 581 381 171 363 632 25 267 455 211 789 238 298 126 792 737 333 271 377 92 835 437 639 707 404 812 692 582 999 765 125 671 337 602 477 379 283 684 564 367 717 982 975 32 898 88 817 970 578 599 129 815 548 436 582 501 953 249 338 686 926 716 565 326 512 564 374 527 160 561 706 98 205 223 329 386 134 927 577 406 84 209 442 574 886 448 924 821 603 4 643 35 480 791 195 420 695 530 591 146 998 388 957 869 277 110 337 90 666 109 394 436 380 2 303 471 802 988 46 558 369 968 358 612 924 441 566 239 539 406 
789 220 559 683 745 3 454 99 940 787 545 0 198 456 981 354 708 84 205 219 645 277 418 769 440 319 626 484 981 569 834 521 610 997 800 90 857 131 913 145 358 148 597 168 171 814 443 821 929 765 274 38 568 161 901 87 578 244 102 625 558 296 9 668 379 401 605 543 822 226 468 691 221 694 788 812 297 588 581 275 672 463 199 646 538 77 800 614 214 656 638 836 780 946 425 659 996 898 562 685 273 482 776 513 7 348 759 476 489 349 345 151 885 397 56 1 385 595 755 438 348 612 376 565 674 599 929 360 94 752 356 439 918 890 191 843 66 743 348 674 47 435 500 588 63 16 998 464 201 998 768 613 29 250 322 223 360 784 765 949 975 480 905 578 765 935 81 670 716 432 391 885 795 883 407 868 984 10 557 177 989 871 966 62 109 911 822 465 660 928 521 30 757 245 172 310 181 487 594 731 
729 760 967 820 698 656 553 486 548 44 3 198 0 427 263 62 201 72 90 187 281 61 647 509 118 612 436 626 824 251 516 518 172 209 839 279 868 432 673 31 82 347 78 438 879 717 58 310 451 859 345 792 184 57 327 524 999 793 156 587 590 747 428 629 19 323 590 596 481 137 116 116 844 75 446 298 466 979 662 525 622 908 306 928 987 374 525 240 892 775 603 78 714 225 573 627 186 551 761 709 187 952 934 209 856 524 911 116 853 237 629 44 507 475 456 237 87 563 17 883 995 663 69 208 990 441 389 702 360 109 146 261 460 470 352 569 549 140 101 505 522 969 262 490 714 919 130 487 318 507 112 280 703 855 906 949 583 813 265 94 81 198 792 240 841 927 742 113 632 442 690 113 190 925 289 697 261 200 181 881 813 788 133 586 964 616 333 117 421 804 208 998 253 602 583 948 276 736 846 931 
226 726 961 724 370 985 271 616 411 125 245 456 427 0 444 551 410 615 754 336 693 867 474 196 191 754 608 32 498 247 661 385 270 549 209 6 838 505 494 707 959 914 790 369 494 37 53 115 404 663 732 661 782 737 164 110 912 22 800 777 130 364 49 927 753 425 701 813 659 181 727 949 763 308 796 448 827 823 596 376 869 371 313 894 576 795 276 33 196 869 407 255 41 58 319 165 966 698 983 43 202 758 769 640 82 239 462 190 447 311 315 193 62 506 531 955 949 772 711 459 987 56 665 334 761 519 129 65 485 627 343 880 398 540 279 113 418 133 988 149 544 793 812 819 18 360 34 554 642 979 744 412 809 504 133 517 89 744 759 582 758 394 692 191 85 939 277 916 624 936 51 669 24 56 705 486 264 550 249 734 873 976 808 756 801 96 869 170 42 702 682 423 172 172 126 244 287 256 374 563 
300 670 289 74 222 234 755 919 702 304 285 981 263 444 0 532 400 0 665 292 839 860 143 545 974 990 634 194 42 746 310 63 335 313 566 771 105 567 585 38 367 144 581 440 415 816 394 310 421 967 814 632 916 708 422 803 600 419 257 503 723 970 369 268 289 698 309 147 491 922 42 8 318 160 495 21 566 229 95 708 39 906 268 250 38 920 761 21 696 621 181 774 483 684 200 295 370 109 293 171 178 741 266 355 341 49 780 918 879 653 862 329 499 338 450 261 344 358 777 860 749 427 931 413 734 42 9 73 818 21 925 383 918 117 901 657 549 644 303 619 631 607 468 779 426 134 871 478 682 792 891 745 620 734 133 515 240 848 644 610 922 811 609 801 552 724 430 915 509 229 800 343 709 885 964 804 109 179 795 392 804 176 109 853 514 616 584 492 879 878 626 735 524 688 24 62 702 993 857 86 
413 221 144 248 874 396 427 398 622 551 100 354 62 551 532 0 511 40 188 154 47 180 83 605 431 181 172 591 479 460 100 376 394 712 289 441 605 521 43 172 290 409 62 514 213 242 159 264 365 751 0 875 976 935 253 410 914 660 355 767 27 666 832 578 866 933 403 270 548 124 415 987 59 346 932 384 954 306 543 368 55 732 614 74 393 432 248 257 651 916 296 272 256 452 733 434 901 633 217 621 724 74 802 808 984 357 372 735 184 810 850 953 248 990 969 232 377 495 767 164 840 742 966 35 174 933 214 726 556 289 571 31 576 801 689 683 932 752 669 342 171 52 352 289 23 844 53 776 96 41 976 685 573 241 848 922 879 842 664 379 685 514 311 12 300 823 962 606 210 31 655 364 410 892 216 523 60 100 701 40 703 929 227 189 897 39 92 926 164 660 466 124 698 626 175 919 855 271 204 341 
637 497 101 505 431 656 579 647 430 327 49 708 201 410 400 511 0 895 784 418 996 699 133 38 501 777 968 773 546 829 624 154 506 617 299 932 538 258 811 359 451 580 351 775 135 774 667 126 491 951 303 327 780 96 537 114 353 521 435 688 933 543 270 11 620 937 272 601 313 881 117 169 413 437 895 824 893 445 962 126 253 527 151 121 385 408 46 947 587 417 946 484 544 252 399 151 725 650 553 352 547 832 696 475 406 445 901 167 753 328 968 173 638 582 677 682 315 314 680 863 243 341 771 262 181 340 543 315 812 800 100 952 994 793 573 140 316 663 225 668 938 979 158 733 393 230 375 714 871 934 977 606 425 783 344 753 945 957 128 722 619 698 582 65 680 437 470 231 407 969 802 250 764 223 679 761 233 120 45 241 520 14 204 752 449 740 129 851 240 632 140 300 802 699 956 823 999 854 630 316 
770 358 495 528 111 938 614 680 797 169 558 84 72 615 0 40 895 0 495 413 138 960 216 564 124 793 917 445 911 272 283 723 507 953 511 981 640 855 46 532 855 209 511 95 825 377 57 952 668 232 484 776 601 994 457 859 668 999 612 291 614 79 400 372 35 816 790 736 101 185 172 662 733 741 162 480 911 524 279 148 12 469 634 707 910 398 666 498 35 409 339 44 64 682 193 678 832 242 93 774 452 616 639 870 886 319 398 193 916 648 573 901 410 440 631 279 91 418 861 707 446 440 158 541 6 39 210 594 47 256 677 132 312 113 203 820 832 376 724 630 568 809 728 185 765 440 863 61 755 929 164 640 812 290 938 767 161 314 9 783 502 475 64 802 112 442 663 110 376 441 950 555 882 165 581 115 176 645 961 626 485 106 123 880 311 15 847 540 437 203 2 565 747 221 53 786 117 524 237 335 
810 353 836 385 831 891 805 370 160 418 177 205 90 754 665 188 784 495 0 83 382 948 127 65 284 469 745 949 865 697 586 370 500 85 112 546 42 152 323 182 427 745 460 291 12 354 412 534 538 711 574 684 420 29 440 430 314 997 663 453 173 135 329 144 321 892 845 300 248 879 537 476 47 424 69 393 100 457 933 659 619 480 489 42 109 770 257 234 878 403 385 240 639 810 119 290 751 684 278 111 618 498 293 539 69 710 18 402 91 120 178 646 554 778 29 97 29 926 171 512 704 718 510 531 183 102 245 608 450 786 597 133 886 771 257 324 346 594 745 117 76 609 388 681 429 920 285 997 573 464 137 428 90 491 496 271 260 533 66 226 571 128 638 806 912 904 692 353 745 907 386 836 770 364 601 310 938 294 480 735 777 34 801 811 37 825 18 758 924 356 362 208 71 605 578 987 259 331 976 249 
346 238 683 997 453 787 694 893 593 647 847 219 187 336 292 154 418 413 83 0 933 517 413 17 770 965 915 370 672 669 187 21 187 114 616 1 945 541 662 862 160 582 87 158 85 616 661 137 971 498 711 342 847 753 743 480 262 452 686 676 207 600 696 353 11 204 457 914 99 548 859 381 290 908 113 51 901 115 640 399 370 354 812 866 153 987 684 234 444 369 786 243 600 488 598 30 433 971 203 256 772 374 636 834 819 734 623 456 40 611 292 334 458 927 476 905 248 739 148 552 830 759 547 143 954 668 123 866 105 975 314 655 163 255 788 786 679 366 810 81 561 85 388 557 601 87 540 266 421 682 875 653 839 55 883 346 425 357 594 831 344 994 726 684 41 892 321 741 11 461 457 755 682 537 789 556 608 61 803 689 96 318 858 881 807 46 81 770 633 770 888 429 203 944 246 61 344 649 402 859 
579 151 159 20 690 968 564 921 565 928 773 645 281 693 839 47 996 138 382 933 0 534 591 112 984 665 830 468 815 853 32 885 402 968 554 383 907 197 248 700 201 480 847 379 642 815 739 701 957 825 830 178 626 135 751 645 657 394 255 590 244 139 28 457 59 682 157 68 93 308 713 668 17 727 860 735 159 615 905 714 683 529 944 565 249 37 830 297 182 163 209 162 612 146 54 249 702 231 170 733 327 258 353 935 561 761 562 481 192 39 3 984 437 587 70 931 999 874 893 542 473 198 677 696 98 263 827 915 442 163 676 40 49 754 923 529 452 418 137 352 138 883 202 758 977 906 628 598 313 900 585 777 388 953 659 647 658 750 0 394 582 348 896 473 32 751 20 278 390 791 83 734 653 978 710 937 315 147 949 921 406 336 862 696 617 937 435 320 703 400 567 704 382 534 318 637 452 321 652 614 
88 895 971 513 521 924 161 231 736 834 144 277 61 867 860 180 699 960 948 517 534 0 231 58 981 122 551 231 182 50 851 918 957 424 176 286 263 430 728 914 365 935 171 709 632 635 84 778 420 372 94 953 959 77 187 595 517 813 60 67 838 525 657 336 241 596 906 530 84 109 342 450 129 283 350 731 542 539 568 426 68 705 708 54 788 644 434 761 725 820 655 405 261 969 145 603 907 49 773 802 492 455 468 785 590 218 844 574 518 695 456 102 64 723 646 156 215 167 566 760 302 660 785 217 889 915 696 734 712 419 862 714 279 544 153 319 262 218 954 902 897 990 382 629 517 701 666 641 294 611 148 240 797 634 183 867 581 126 370 870 255 334 47 686 771 686 128 427 110 236 491 247 322 920 771 942 479 232 173 362 450 609 630 166 26 711 443 47 452 752 791 50 231 265 707 279 22 558 600 473 
107 651 302 879 204 441 279 219 861 686 829 418 647 474 143 83 133 216 127 413 591 231 0 855 112 427 914 390 51 561 339 205 339 899 523 228 10 457 221 822 272 999 412 655 776 927 880 441 855 427 636 364 313 142 382 228 747 61 917 629 982 610 538 541 418 515 890 377 748 210 564 5 256 308 487 755 928 208 145 337 105 655 113 973 129 583 397 344 681 503 878 0 502 512 476 287 626 177 231 668 30 903 128 426 878 470 817 854 855 174 700 780 104 934 438 995 47 976 800 893 717 145 348 551 717 502 128 765 959 569 832 849 221 214 85 326 204 625 927 554 408 257 961 640 806 424 802 603 330 883 661 549 949 241 748 559 740 534 273 603 327 484 704 605 746 399 763 537 145 519 361 230 690 187 323 242 128 95 111 166 528 522 503 601 75 587 886 388 43 970 508 500 10 512 939 414 819 678 946 786 
457 642 410 26 665 551 255 766 996 254 404 769 509 196 545 605 38 564 65 17 112 58 855 0 722 281 981 948 996 357 989 333 414 526 204 848 844 29 225 146 549 569 114 926 464 465 484 642 219 970 387 570 818 605 357 60 564 849 61 595 137 47 245 151 379 408 120 782 662 892 795 459 118 91 279 779 867 806 52 383 747 420 382 697 655 34 660 583 382 204 725 715 32 840 941 927 221 556 532 935 28 391 646 367 420 471 108 262 545 635 876 22 141 983 841 60 156 911 218 240 387 27 712 497 637 458 177 525 218 23 195 455 555 913 502 886 971 167 771 898 718 652 565 532 638 538 659 878 336 391 272 61 711 952 701 677 435 337 49 241 922 167 454 227 256 392 186 174 944 500 795 103 229 659 706 293 517 279 304 820 495 648 980 961 721 361 746 222 733 381 506 204 677 491 498 149 664 639 293 285 
291 590 612 82 735 368 280 707 886 364 18 440 118 191 974 431 501 124 284 770 984 981 112 722 0 572 774 852 325 292 596 777 924 29 458 150 265 332 136 137 890 795 399 924 831 319 203 219 730 888 785 822 766 590 475 576 286 92 285 649 370 633 178 741 748 883 934 13 313 605 845 130 732 425 600 187 621 718 108 347 694 810 440 396 822 246 708 640 198 309 917 19 524 212 876 815 385 443 740 454 730 258 890 791 866 220 673 682 563 105 578 245 503 339 215 204 747 656 928 859 31 993 869 460 91 606 267 193 884 582 989 39 368 776 284 788 11 960 780 39 797 345 321 609 276 634 196 804 145 693 223 758 980 247 897 391 99 141 272 292 759 877 27 346 485 902 365 161 895 65 890 61 182 874 432 192 359 640 893 452 597 593 978 333 26 763 473 747 782 842 651 449 502 382 133 924 933 956 68 508 
112 370 584 933 360 305 589 950 846 963 93 319 612 754 990 181 777 793 469 965 665 122 427 281 572 0 804 223 69 692 949 451 700 404 585 436 200 691 537 782 903 104 191 93 131 831 905 619 143 755 909 19 677 342 225 498 908 347 40 312 560 654 632 201 844 171 441 199 949 56 613 61 523 12 76 575 963 626 268 626 120 974 50 218 718 189 369 341 172 920 332 227 652 148 770 637 668 516 794 131 575 777 873 304 423 194 345 842 264 889 676 629 586 121 521 873 605 426 33 828 975 809 967 976 653 673 291 825 676 979 363 7 447 404 387 912 969 134 122 746 185 812 708 221 800 844 736 973 916 77 761 257 937 719 391 760 946 536 307 562 887 531 995 825 577 954 503 265 595 408 321 187 830 388 595 605 932 573 340 870 884 208 179 664 773 989 305 550 488 755 125 921 125 51 276 283 81 498 705 426 
99 683 480 825 95 175 88 869 82 813 301 626 436 608 634 172 968 917 745 915 830 551 914 981 774 804 0 154 623 977 478 769 76 13 15 435 119 902 536 774 62 127 366 595 386 718 481 732 181 499 521 986 315 421 190 609 202 667 587 673 481 895 382 378 325 118 176 621 886 905 122 713 595 678 694 492 995 850 635 993 866 301 297 872 469 109 238 336 18 37 779 887 697 479 726 61 223 689 690 670 50 375 536 43 565 969 332 456 492 709 989 282 494 752 171 897 609 181 648 522 239 890 191 297 555 663 74 490 942 584 78 697 571 903 930 92 564 702 334 802 334 331 406 35 499 919 607 794 440 342 952 231 980 176 23 644 54 38 780 542 458 616 421 791 148 814 556 410 725 226 668 270 872 549 543 876 416 533 570 469 706 666 691 88 168 179 844 694 526 966 964 341 304 891 115 999 647 465 307 243 
844 352 74 889 755 251 741 544 382 191 24 484 626 32 194 591 773 445 949 370 468 231 390 948 852 223 154 0 676 301 688 250 575 748 177 131 718 189 233 166 789 353 352 657 697 550 776 919 854 404 769 300 460 975 535 594 43 524 331 94 642 977 359 700 162 967 185 175 259 48 263 457 77 888 759 616 723 698 876 561 18 207 992 893 754 477 213 344 617 842 670 957 912 558 154 841 502 462 32 883 12 88 287 231 430 118 485 978 159 655 723 951 89 912 464 868 637 362 660 288 903 870 359 323 631 88 577 834 403 676 819 368 225 8 92 831 340 569 74 149 157 536 186 314 451 520 633 384 977 645 435 617 858 641 646 758 752 162 42 876 251 742 211 38 682 268 809 377 158 64 821 35 440 973 145 685 177 239 184 255 605 920 280 779 462 829 112 679 803 514 542 595 613 592 552 451 812 24 73 462 
83 60 546 784 955 28 49 128 115 537 39 981 824 498 42 479 546 911 865 672 815 182 51 996 325 69 623 676 0 497 176 2 365 160 114 58 582 53 463 874 194 787 217 346 883 821 559 843 790 850 12 108 348 527 75 632 929 815 813 593 186 14 753 53 677 918 697 197 351 157 750 558 907 998 336 777 940 832 18 409 429 653 997 172 332 60 631 402 798 588 618 277 211 947 17 785 888 289 345 407 131 259 762 409 988 410 744 356 379 827 71 658 89 141 312 547 790 63 307 435 691 622 760 516 183 358 888 184 254 188 434 733 829 646 61 170 641 316 708 438 637 97 955 26 956 91 988 382 828 166 801 325 438 989 362 817 983 482 67 408 704 223 763 779 96 671 77 742 151 870 162 703 824 761 587 752 198 433 236 159 410 899 89 432 808 542 63 188 882 120 934 932 437 835 75 636 145 404 330 323 
674 449 440 573 562 344 772 692 471 10 503 569 251 247 746 460 829 272 697 669 853 50 561 357 292 692 977 301 497 0 576 383 201 76 504 6 779 473 548 639 884 343 781 564 629 395 498 358 988 659 490 578 501 360 924 369 979 328 48 358 363 650 543 309 519 7 721 531 49 684 169 749 383 406 889 69 343 490 111 556 987 515 989 495 635 936 254 335 652 36 221 737 359 752 841 777 968 89 678 904 186 594 659 830 932 806 945 325 21 335 381 977 272 517 193 806 857 227 460 260 769 333 503 933 450 668 641 114 177 599 991 133 81 429 102 176 628 709 880 756 257 909 569 788 408 296 996 170 563 192 958 959 121 388 913 169 42 191 49 18 766 95 106 598 629 994 207 919 47 883 417 844 883 601 471 795 172 164 349 493 12 79 285 232 814 530 859 493 93 148 352 334 5 593 490 898 712 829 153 75 
566 259 854 544 391 998 453 118 766 768 266 834 516 661 310 100 624 283 586 187 32 851 339 989 596 949 478 688 176 576 0 948 880 433 570 269 901 212 638 848 43 61 586 238 84 325 796 245 240 827 183 867 635 846 966 961 394 935 304 325 303 243 723 390 373 179 776 45 647 62 627 139 486 587 86 256 526 353 946 411 285 567 172 898 336 890 438 407 113 670 206 743 502 778 921 292 840 688 558 438 668 537 783 602 287 172 21 870 485 688 386 169 155 539 60 567 154 398 633 13 599 545 338 509 374 688 514 975 287 228 449 987 49 344 738 943 205 804 385 926 401 699 637 250 221 962 947 344 727 382 403 369 373 702 677 833 93 279 500 601 877 967 240 35 207 548 684 865 991 956 695 270 454 940 50 737 475 163 184 740 26 657 747 554 219 753 99 930 192 486 85 663 943 562 853 37 162 769 350 761 
327 601 161 602 91 108 149 155 275 851 917 521 518 385 63 376 154 723 370 21 885 918 205 333 777 451 769 250 2 383 948 0 307 514 965 941 54 256 110 953 766 768 601 73 847 413 361 410 279 869 113 362 71 670 593 25 517 348 253 554 145 364 269 469 622 972 896 777 687 918 785 199 179 543 785 988 185 103 83 551 793 213 710 261 677 424 883 247 677 353 194 825 68 280 384 888 64 657 919 326 13 724 583 60 659 69 759 731 600 606 89 927 162 655 323 834 917 230 210 288 841 184 930 1 356 708 641 833 997 745 112 817 749 201 13 718 933 832 54 917 689 571 510 933 898 597 232 161 88 523 787 299 242 508 708 777 323 15 600 381 469 20 62 202 325 807 332 706 47 504 483 748 377 535 74 975 383 298 194 590 123 654 302 510 509 658 179 871 388 894 900 926 492 146 779 864 620 950 396 481 
2 192 425 832 936 416 808 988 327 427 91 610 172 270 335 394 506 507 500 187 402 957 339 414 924 700 76 575 365 201 880 307 0 814 334 750 273 266 560 200 321 239 508 158 969 736 188 330 341 377 861 94 655 352 209 635 381 134 666 849 756 607 789 198 33 365 441 164 804 114 387 50 639 660 197 154 372 758 357 601 761 150 501 68 674 575 238 258 270 37 373 704 168 428 911 668 670 60 526 628 422 975 551 820 49 63 514 84 900 860 431 645 964 304 729 918 779 189 673 65 56 279 271 901 223 141 368 898 129 46 147 851 310 954 698 190 47 643 307 906 422 776 620 996 37 174 138 465 930 952 315 788 164 842 209 545 577 76 809 13 618 399 306 625 34 908 508 848 633 245 271 10 478 48 726 892 824 569 464 552 18 438 273 754 860 20 528 972 43 927 786 801 593 516 573 870 624 985 597 30 
835 712 185 835 512 795 952 411 319 347 447 997 209 549 313 712 617 953 85 114 968 424 899 526 29 404 13 748 160 76 433 514 814 0 5 798 590 583 491 522 216 917 476 807 662 193 144 228 949 947 744 327 344 432 951 321 653 675 820 188 943 785 415 332 406 311 608 217 51 60 315 711 22 23 722 150 462 979 179 608 898 950 429 723 4 516 546 625 16 467 138 30 480 137 663 152 915 988 115 68 560 648 989 959 210 446 341 813 171 130 949 451 368 214 355 467 349 285 587 763 868 818 48 565 673 562 540 607 280 206 328 355 460 389 729 662 259 604 170 67 209 247 657 554 274 255 618 260 173 897 971 297 809 490 393 308 439 463 109 61 871 34 606 746 688 349 480 35 36 312 990 11 235 37 29 985 459 420 171 931 298 535 672 726 644 222 859 807 99 817 693 383 152 605 429 991 817 808 659 383 
966 648 299 930 618 510 941 973 330 243 781 800 839 209 566 289 299 511 112 616 554 176 523 204 458 585 15 177 114 504 570 965 334 5 0 106 594 35 744 610 222 161 987 655 996 820 10 778 204 950 746 155 707 538 189 660 521 853 61 234 753 929 680 533 756 442 480 498 429 289 23 933 458 200 771 317 692 681 210 455 603 58 949 709 307 509 468 830 1 688 636 994 117 204 787 807 111 948 662 213 369 244 480 416 152 725 183 565 131 802 413 623 983 467 650 732 105 878 141 442 2 942 112 693 791 324 463 666 753 12 353 867 159 184 998 750 268 181 399 274 137 879 300 648 846 446 299 496 693 69 335 693 353 96 61 964 384 198 395 654 547 106 433 457 79 409 24 99 437 680 633 729 843 357 161 98 345 692 932 870 739 693 262 204 980 237 706 609 823 745 193 312 982 861 284 577 932 221 605 959 
335 646 870 188 443 639 924 520 5 379 430 90 279 6 771 441 932 981 546 1 383 286 228 848 150 436 435 131 58 6 269 941 750 798 106 0 77 376 538 212 803 185 946 506 531 240 646 966 905 0 89 861 489 61 812 406 436 732 995 892 618 765 829 252 878 263 234 930 552 343 198 638 677 747 133 907 177 707 410 785 340 858 569 543 124 104 513 568 37 731 364 331 349 193 134 74 62 831 965 750 592 1 319 445 736 134 719 944 894 568 469 138 36 50 35 688 282 504 826 856 334 208 998 566 541 34 878 255 297 602 59 250 502 437 179 3 783 159 337 626 366 720 900 584 322 140 816 422 817 811 3 240 497 880 842 26 238 210 883 150 664 195 730 297 752 357 416 811 831 618 967 140 844 539 688 630 253 63 29 346 534 531 600 81 708 838 423 620 908 958 108 38 448 10 229 975 828 567 513 132 
768 478 22 236 508 373 147 607 222 846 875 857 868 838 105 605 538 640 42 945 907 263 10 844 265 200 119 718 582 779 901 54 273 590 594 77 0 558 983 193 31 310 856 442 169 755 907 923 320 485 116 941 849 609 400 948 124 33 994 207 110 375 790 715 741 249 183 151 400 981 411 289 102 954 618 647 158 891 184 879 479 859 57 692 440 33 195 812 537 578 93 604 890 19 647 809 593 181 440 979 918 738 380 500 291 895 412 795 389 604 559 267 472 315 933 716 996 423 918 196 92 804 597 863 107 880 969 108 820 898 305 316 546 685 809 892 201 15 281 876 351 240 478 549 115 13 149 45 293 744 763 810 986 802 295 46 437 859 728 867 499 993 767 442 327 863 603 364 484 748 744 288 661 13 804 766 82 809 760 317 184 767 264 199 974 138 39 914 888 900 62 982 832 947 20 799 657 75 819 460 
246 270 357 200 923 760 999 22 367 241 865 131 432 505 567 521 258 855 152 541 197 430 457 29 332 691 902 189 53 473 212 256 266 583 35 376 558 0 484 547 784 594 11 418 684 321 742 125 662 779 552 117 899 100 387 979 300 866 857 328 487 126 382 85 52 921 282 188 663 645 942 667 727 583 705 596 46 375 22 91 105 485 849 33 553 241 249 374 267 899 30 4 358 674 994 77 694 975 23 112 355 608 864 212 938 112 542 163 893 172 474 677 506 557 906 266 444 198 305 713 191 465 312 960 184 221 873 725 708 611 599 25 251 731 736 994 122 705 230 860 768 953 966 193 650 172 984 84 119 906 330 490 759 617 772 343 948 878 10 131 975 138 612 651 793 707 263 412 34 103 355 523 207 681 960 712 215 588 23 439 490 563 228 274 583 938 26 827 895 12 78 375 430 860 552 552 387 405 64 204 
858 994 564 494 936 734 601 296 594 118 799 913 673 494 585 43 811 46 323 662 248 728 221 225 136 537 536 233 463 548 638 110 560 491 744 538 983 484 0 16 988 974 985 135 197 517 615 256 428 215 47 664 880 860 995 157 799 536 469 972 59 845 964 250 291 958 488 809 953 658 55 567 491 395 425 810 921 456 538 157 508 581 192 257 589 238 150 455 635 941 695 131 733 280 555 864 233 446 791 789 725 490 737 593 222 390 594 442 250 979 380 452 490 736 575 17 420 157 808 257 299 917 461 391 958 398 542 255 120 721 925 660 974 170 836 262 652 815 230 29 999 949 370 355 486 576 608 458 238 161 431 320 334 110 885 303 939 400 617 461 367 410 903 705 219 143 442 32 507 952 864 890 171 26 298 169 819 214 66 214 963 51 832 120 974 122 263 58 310 683 456 477 78 838 307 949 208 869 700 606 
797 739 886 580 843 273 136 643 873 174 81 145 31 707 38 172 359 532 182 862 700 914 822 146 137 782 774 166 874 639 848 953 200 522 610 212 193 547 16 0 879 285 972 326 946 509 259 907 847 708 700 144 860 884 828 666 622 275 929 139 852 485 451 818 308 94 395 162 219 769 190 579 204 754 689 646 613 199 285 407 82 598 754 110 560 201 533 67 212 563 493 754 262 359 898 737 636 311 22 485 146 390 344 640 454 124 631 836 670 636 685 655 296 299 829 684 295 289 103 653 912 542 339 558 293 628 46 541 698 153 271 632 353 549 689 833 667 222 936 8 818 367 137 343 296 692 879 528 594 857 438 548 40 116 342 470 201 572 949 977 838 73 312 181 493 989 587 510 556 623 254 344 781 876 401 149 353 829 778 924 487 409 2 590 264 545 210 862 783 388 554 208 431 370 467 554 323 172 776 690 
74 546 646 855 179 489 746 771 120 675 670 358 82 959 367 290 451 855 427 160 201 365 272 549 890 903 62 789 194 884 43 766 321 216 222 803 31 784 988 879 0 420 760 191 888 555 923 633 845 74 894 267 731 988 538 647 484 236 390 957 173 328 440 244 604 594 794 624 104 681 852 460 395 554 628 453 947 20 324 917 591 268 335 182 947 280 236 439 651 686 426 603 531 492 16 179 913 2 699 158 422 432 990 230 663 592 559 861 186 639 88 420 111 938 916 107 145 756 100 180 884 562 250 449 386 784 541 79 458 584 285 959 855 274 494 335 564 871 497 80 127 569 160 829 416 860 161 953 320 860 906 699 667 991 931 101 570 773 979 538 895 609 71 665 862 719 476 385 761 439 994 151 479 593 443 252 827 386 470 705 248 344 806 325 427 980 7 890 223 20 149 827 648 686 699 307 62 714 0 860 
172 474 597 672 19 442 49 523 936 220 678 148 347 914 144 409 580 209 745 582 480 935 999 569 795 104 127 353 787 343 61 768 239 917 161 185 310 594 974 285 420 0 662 388 644 621 452 436 914 822 953 380 532 411 207 937 612 107 288 795 630 917 305 972 192 464 129 466 655 144 740 842 257 735 528 412 192 697 442 75 9 308 125 751 209 210 151 869 985 478 466 289 708 677 153 716 853 193 863 269 125 440 742 465 480 365 177 536 633 394 407 733 985 142 65 479 436 407 995 965 859 175 367 803 562 689 247 842 220 589 726 408 215 287 99 975 911 521 935 16 925 336 568 775 678 227 727 84 965 401 763 572 672 664 842 882 560 158 825 306 94 245 0 554 970 537 810 305 911 408 781 625 468 688 69 105 54 975 22 401 78 320 648 174 82 314 458 529 551 305 708 31 390 942 130 240 304 693 989 387 
397 688 263 672 258 417 779 243 393 980 419 597 78 790 581 62 351 511 460 87 847 171 412 114 399 191 366 352 217 781 586 601 508 476 987 946 856 11 985 972 760 662 0 564 228 611 714 712 894 228 387 809 770 934 138 791 732 938 293 630 485 520 155 777 253 631 38 931 635 117 671 463 202 435 400 799 39 949 84 5 618 992 36 741 896 311 329 25 735 541 363 91 625 256 4 315 499 360 517 633 811 246 719 991 707 503 702 165 769 416 577 518 388 637 587 937 151 789 271 32 275 657 483 370 323 77 806 966 20 694 166 595 395 604 977 958 253 600 432 406 116 720 52 839 128 836 92 911 723 787 686 293 154 233 440 914 22 417 434 992 628 313 596 278 167 61 853 555 847 971 22 638 86 164 767 67 491 104 49 491 264 899 34 433 117 252 583 179 937 797 247 43 330 441 225 320 681 488 216 986 
251 27 430 653 621 259 519 37 692 512 373 168 438 369 440 514 775 95 291 158 379 709 655 926 924 93 595 657 346 564 238 73 158 807 655 506 442 418 135 326 191 388 564 0 309 537 680 153 326 274 24 578 939 632 557 312 62 377 632 448 832 192 687 691 630 361 107 236 896 332 39 922 408 553 836 449 110 271 94 989 630 812 849 581 888 647 668 385 350 499 731 339 971 771 804 857 679 973 792 159 446 680 338 233 684 940 718 975 487 701 349 897 646 873 543 171 52 68 423 965 631 151 505 889 94 812 997 520 766 988 24 47 902 430 657 741 480 30 773 972 896 99 556 170 900 200 771 897 904 123 58 564 952 722 754 545 763 411 149 592 583 478 745 59 301 0 813 622 545 157 576 449 534 186 604 794 380 643 883 268 589 902 682 967 788 792 204 672 109 602 112 642 319 94 429 839 785 725 203 608 
783 829 262 368 589 228 703 948 417 981 831 171 879 494 415 213 135 825 12 85 642 632 776 464 831 131 386 697 883 629 84 847 969 662 996 531 169 684 197 946 888 644 228 309 0 909 190 560 920 466 980 938 82 620 573 170 520 569 976 877 343 191 424 295 613 277 888 472 440 623 465 144 362 847 667 795 937 575 642 991 647 778 281 691 350 40 256 591 212 645 386 854 560 804 635 173 269 835 249 398 336 531 1 367 312 743 354 555 2 4 857 93 85 702 162 393 352 423 618 886 984 812 929 875 878 675 281 803 627 600 581 859 649 511 782 605 139 223 623 234 380 295 769 986 68 705 753 763 234 820 719 478 952 496 374 198 655 925 681 33 757 578 58 302 903 819 363 788 958 186 762 42 996 573 317 369 353 372 566 987 922 208 401 185 601 720 232 684 667 992 531 876 134 877 662 172 620 373 588 256 
441 283 703 137 628 332 921 925 814 245 266 814 717 37 816 242 774 377 354 616 815 635 927 465 319 831 718 550 821 395 325 413 736 193 820 240 755 321 517 509 555 621 611 537 909 0 424 546 752 280 513 811 696 4 729 233 167 437 544 915 477 838 721 824 422 770 552 277 721 694 587 133 533 514 138 571 686 157 875 670 930 579 251 163 962 233 346 239 1 153 522 372 157 410 335 637 163 948 495 396 239 189 483 823 337 787 733 995 964 144 404 896 115 560 495 914 546 484 890 681 989 933 86 123 243 463 227 401 822 735 820 506 47 431 890 637 3 436 869 707 262 706 601 434 615 560 364 42 897 172 551 504 150 640 427 3 787 396 302 697 424 328 385 842 893 559 529 122 345 360 302 858 65 729 713 898 551 421 310 161 51 471 594 0 827 826 596 912 254 671 468 398 833 758 707 178 154 17 532 287 
606 489 995 851 559 619 704 246 451 853 158 443 58 53 394 159 667 57 412 661 739 84 880 484 203 905 481 776 559 498 796 361 188 144 10 646 907 742 615 259 923 452 714 680 190 424 0 88 625 76 70 768 312 914 757 921 301 435 550 967 188 471 455 29 854 763 32 749 372 736 793 547 868 978 716 232 910 72 112 31 928 838 310 506 910 172 241 941 796 840 444 296 298 837 87 661 467 52 602 336 309 232 978 348 385 308 74 435 394 509 247 430 697 39 450 176 983 593 174 330 51 201 385 495 265 198 971 88 877 763 714 499 86 146 779 237 504 382 977 131 975 270 868 198 669 782 775 25 41 815 141 227 68 80 601 316 927 908 168 546 409 857 18 754 975 693 620 983 792 688 860 702 510 308 435 136 146 259 678 157 27 197 314 174 479 654 895 705 730 833 925 539 86 574 269 666 666 184 80 711 
530 766 798 358 936 969 992 6 565 711 300 821 310 115 310 264 126 952 534 137 701 778 441 642 219 619 732 919 843 358 245 410 330 228 778 966 923 125 256 907 633 436 712 153 560 546 88 0 803 580 790 99 460 159 553 163 561 734 440 129 553 187 769 126 446 136 367 7 442 584 380 568 876 385 131 109 103 970 591 237 660 185 391 473 421 502 237 63 988 905 749 688 300 752 132 564 968 448 400 156 962 935 394 307 225 130 827 466 705 328 674 161 756 118 794 88 206 165 152 866 939 194 829 321 132 268 330 609 699 508 103 681 800 248 602 832 923 410 302 342 119 417 137 631 566 281 559 642 519 861 556 357 803 953 168 512 48 406 191 28 584 785 118 758 771 726 628 865 382 668 936 271 278 464 693 517 705 285 156 322 677 632 900 212 579 642 15 48 678 982 737 734 328 259 245 675 386 189 696 623 
923 722 709 103 389 855 92 712 76 507 176 929 451 404 421 365 491 668 538 971 957 420 855 219 730 143 181 854 790 988 240 279 341 949 204 905 320 662 428 847 845 914 894 326 920 752 625 803 0 405 67 802 892 375 471 464 639 9 448 219 21 194 86 862 91 658 589 11 556 505 70 950 526 815 148 559 781 932 407 240 218 905 658 668 127 271 856 587 136 847 979 938 123 293 819 240 847 904 988 307 103 17 269 294 461 848 156 430 271 298 35 855 178 877 82 138 828 142 869 936 324 600 541 307 462 489 604 305 745 206 238 626 981 363 201 544 798 973 139 931 477 386 899 825 134 56 285 241 972 756 114 436 421 216 333 940 478 635 324 787 585 940 111 114 965 764 457 96 447 829 390 954 307 677 819 197 49 719 850 752 572 129 114 216 777 839 640 137 734 923 42 790 933 114 685 323 607 909 312 870 
381 810 144 374 39 839 4 776 948 563 496 765 859 663 967 751 951 232 711 498 825 372 427 970 888 755 499 404 850 659 827 869 377 947 950 0 485 779 215 708 74 822 228 274 466 280 76 580 405 0 821 262 774 170 290 627 306 613 15 149 327 469 388 650 554 187 731 671 699 749 701 985 954 351 27 386 394 426 481 498 244 986 165 479 804 315 889 937 752 900 677 428 793 21 340 963 376 979 115 597 198 130 105 260 980 269 41 566 913 78 856 487 53 371 195 70 207 336 779 247 370 642 319 28 610 160 284 478 53 519 333 382 477 187 766 507 493 556 407 992 256 646 166 90 223 206 970 422 114 458 252 804 527 547 977 365 529 91 898 56 246 512 814 407 968 130 590 210 433 180 458 791 697 930 620 825 678 907 568 514 281 590 749 10 614 676 961 169 144 513 252 543 617 922 129 74 337 663 361 792 
695 457 249 916 939 448 323 15 13 763 923 274 345 732 814 0 303 484 574 711 830 94 636 387 785 909 521 769 12 490 183 113 861 744 746 89 116 552 47 700 894 953 387 24 980 513 70 790 67 821 0 602 970 366 810 675 193 650 517 564 538 510 93 878 151 329 52 569 292 222 760 244 506 853 998 661 830 242 709 653 619 198 849 919 999 693 729 858 737 508 219 362 628 773 910 433 928 661 204 985 654 697 367 637 892 407 312 823 237 785 796 74 857 194 400 448 262 484 637 324 100 54 7 705 972 844 592 329 559 848 281 128 709 883 397 336 348 713 912 420 61 988 657 30 296 222 334 127 732 721 28 626 422 589 249 73 953 487 248 578 111 297 319 651 811 148 487 86 393 45 890 532 814 711 954 316 570 664 99 121 788 735 99 775 594 502 351 904 407 185 31 283 162 513 11 954 461 781 449 642 
