100
0 587 634 86 926 167 416 953 119 116 626 346 244 72 43 333 962 182 141 307 339 930 393 455 200 491 214 113 278 295 869 999 436 982 620 222 443 110 581 88 976 281 443 435 968 649 872 6 217 100 731 661 724 49 591 574 965 796 880 82 883 669 395 811 724 730 846 712 169 919 682 669 532 169 255 418 586 313 448 44 938 461 519 997 753 400 94 427 779 577 131 851 39 792 435 672 606 814 933 666 
587 0 997 500 425 7 263 926 310 618 100 112 831 898 478 168 90 289 799 129 401 777 984 186 41 813 72 320 371 257 658 714 636 857 722 434 885 490 1 28 270 511 239 865 53 807 624 506 311 453 552 978 67 864 611 674 90 641 96 708 629 916 770 716 90 140 507 24 546 114 331 518 204 422 473 698 887 776 19 585 794 817 136 649 98 217 112 353 340 66 855 989 164 91 801 735 134 18 448 261 
634 997 0 914 817 473 225 897 58 499 211 816 381 966 115 366 700 221 483 256 534 235 737 60 751 478 369 83 529 576 607 228 156 452 843 993 930 659 870 516 214 386 528 196 929 20 297 61 61 523 254 941 450 6 879 803 888 773 753 381 854 144 403 735 32 739 952 152 933 108 93 181 498 924 369 608 630 635 335 219 82 562 956 971 26 136 692 921 516 506 616 236 651 98 390 541 399 38 697 244 
86 500 914 0 141 104 88 903 180 995 566 294 120 650 247 798 370 230 274 340 404 70 96 106 310 331 111 547 314 519 110 242 599 365 6 159 918 440 233 602 968 3 115 556 560 726 768 454 236 612 311 251 237 499 508 524 948 130 364 154 196 439 821 527 102 618 395 302 579 337 908 503 160 909 18 390 634 33 653 886 615 14 641 728 859 544 740 183 874 829 755 298 855 294 54 291 528 832 905 939 
926 425 817 141 0 246 213 723 303 718 863 631 495 917 116 720 595 426 233 515 120 365 261 769 879 43 745 370 917 796 268 475 643 667 3 770 506 77 471 157 904 241 785 970 957 430 946 772 479 583 144 767 437 607 324 699 11 820 603 467 416 601 197 595 986 517 161 324 333 305 821 601 664 167 537 222 727 932 730 77 479 239 199 47 233 536 590 142 163 989 143 156 234 866 742 263 381 617 422 208 
167 7 473 104 246 0 939 901 749 389 804 20 648 153 182 633 303 865 125 257 760 653 794 659 786 310 235 654 775 153 88 942 361 881 821 945 428 623 839 960 239 906 509 336 556 825 917 825 579 573 96 337 343 282 107 601 790 238 19 203 462 781 147 569 988 915 119 167 56 544 152 958 519 721 402 972 721 783 567 905 617 424 707 172 330 557 432 466 195 665 631 55 669 666 798 173 330 418 571 187 
416 263 225 88 213 939 0 473 513 271 164 312 512 266 774 800 786 560 615 480 282 203 386 287 415 767 822 96 858 475 631 203 297 187 244 877 114 123 562 502 575 84 102 725 192 391 556 82 605 628 759 893 445 313 939 435 141 839 376 22 760 421 392 260 221 28 695 376 893 891 440 530 182 20 700 852 135 589 573 575 50 661 394 615 367 935 375 950 696 597 923 324 618 826 298 649 861 534 671 372 
953 926 897 903 723 901 473 0 758 531 34 75 721 931 386 213 882 196 829 535 55 806 627 195 467 621 111 112 922 339 544 494 363 999 598 486 874 926 846 528 620 131 992 781 291 127 727 681 417 559 423 589 469 761 72 59 455 607 551 741 795 279 974 670 17 55 891 453 273 403 580 136 412 196 55 733 964 483 320 102 952 473 416 248 977 819 872 889 995 303 711 355 704 829 605 356 444 357 638 451 
119 310 58 180 303 749 513 758 0 216 967 93 615 929 460 892 132 210 365 113 238 628 477 785 426 708 890 716 348 214 910 7 347 103 409 875 644 408 874 12 261 122 57 871 936 959 931 9 587 307 71 277 590 901 915 760 922 130 853 341 367 864 86 633 16 647 318 802 357 970 145 597 313 912 777 479 170 727 232 439 654 552 51 50 136 160 532 6 660 593 339 514 161 620 288 313 333 385 495 571 
116 618 499 995 718 389 271 531 216 0 590 179 472 384 191 353 662 804 991 129 636 396 71 422 609 906 45 718 988 738 883 62 938 93 661 276 775 339 999 208 984 836 831 177 468 624 152 331 856 438 158 77 305 178 394 718 793 94 58 221 4 30 689 759 546 975 137 769 967 462 326 96 109 271 884 290 992 304 557 450 401 269 178 787 499 829 284 592 59 538 148 430 942 355 858 633 233 777 590 514 
626 100 211 566 863 804 164 34 967 590 0 782 720 788 293 856 959 984 895 555 799 35 801 94 144 44 51 427 443 292 141 411 694 615 604 856 644 599 524 535 231 659 723 411 2 144 824 263 41 111 190 586 142 897 783 34 485 513 775 331 2 286 189 85 658 705 303 897 624 556 28 431 886 371 769 835 427 879 387 730 272 915 523 231 579 96 795 193 961 518 129 500 619 399 796 594 977 478 803 908 
346 112 816 294 631 20 312 75 93 179 782 0 564 219 526 668 888 473 268 499 784 637 690 478 468 940 334 839 643 994 755 661 518 890 163 716 170 230 783 206 759 829 436 526 703 500 620 980 787 747 114 774 787 422 626 883 917 300 354 675 823 647 828 731 699 611 900 935 481 941 625 983 447 662 855 419 538 524 786 903 303 564 654 634 22 736 766 870 97 580 322 992 569 930 205 945 269 679 309 728 
244 831 381 120 495 648 512 721 615 472 720 564 0 463 927 924 719 83 258 310 919 310 524 220 78 906 387 930 668 574 502 586 727 785 289 421 300 275 334 222 281 744 759 884 238 772 767 983 490 202 296 956 657 822 610 294 103 97 319 657 774 972 200 922 578 672 72 784 870 608 79 622 675 533 163 436 62 958 554 902 962 252 25 448 428 482 391 68 901 603 705 710 70 487 117 481 938 901 588 338 
72 898 966 650 917 153 266 931 929 384 788 219 463 0 314 71 463 742 817 405 423 757 325 293 76 451 606 168 417 94 227 145 445 374 454 979 538 412 211 379 773 696 834 817 733 413 622 397 63 797 538 903 164 20 18 493 68 336 494 506 257 583 224 851 582 308 977 786 320 631 216 626 300 177 116 562 367 296 228 834 518 142 298 959 289 43 873 251 227 158 679 844 432 659 145 148 89 210 225 33 
43 478 115 247 116 182 774 386 460 191 293 526 927 314 0 0 35 332 100 50 103 122 508 764 482 793 312 541 896 805 879 255 125 487 971 702 774 456 206 481 560 115 328 744 996 709 867 230 179 961 472 451 404 465 725 388 200 967 257 697 193 291 10 21 718 89 197 307 473 833 543 250 58 156 173 76 212 177 284 593 331 980 146 766 179 147 411 417 225 697 343 568 128 763 817 65 857 902 115 434 
333 168 366 798 720 633 800 213 892 353 856 668 924 71 0 0 94 339 462 219 929 920 831 38 135 1 542 366 917 124 404 757 760 81 240 925 536 669 202 826 323 915 613 677 678 241 424 387 433 761 136 540 893 738 691 453 354 505 865 924 132 175 357 198 615 179 65 681 438 89 580 454 190 82 857 742 730 872 601 565 503 873 543 370 406 126 29 890 382 417 343 406 875 103 431 251 796 606 307 577 
962 90 700 370 595 303 786 882 132 662 959 888 719 463 35 94 0 524 154 980 353 761 167 193 967 77 467 270 396 669 695 261 297 129 231 271 408 759 186 82 510 951 788 91 383 528 172 746 749 428 473 26 288 907 305 799 314 82 467 202 259 523 301 507 998 250 345 772 705 369 944 540 106 887 547 341 556 380 549 93 589 952 58 571 951 363 925 46 587 774 462 608 297 856 132 519 83 236 694 687 
182 289 221 230 426 865 560 196 210 804 984 473 83 742 332 339 524 0 115 604 108 442 738 245 65 619 20 958 143 563 983 716 879 396 48 799 745 839 320 783 911 66 734 653 509 109 790 680 914 599 744 695 680 335 88 911 56 902 438 155 421 936 949 926 356 115 526 990 925 853 202 832 584 911 265 439 985 505 514 74 533 965 761 289 244 803 690 577 793 682 671 483 966 12 227 785 972 410 374 193 
141 799 483 274 233 125 615 829 365 991 895 268 258 817 100 462 154 115 0 569 273 790 14 427 141 260 809 629 86 309 610 55 792 454 488 104 74 95 162 918 856 501 691 608 548 743 38 789 958 523 586 664 760 657 80 67 92 959 127 196 811 146 806 899 91 826 954 93 806 87 116 148 903 807 224 891 320 259 190 199 181 233 798 23 738 914 411 562 868 2 165 80 723 180 692 356 334 610 128 566 
307 129 256 340 515 257 480 535 113 129 555 499 310 405 50 219 980 604 569 0 79 636 296 244 694 184 442 170 680 173 970 600 18 544 172 103 79 166 783 854 335 966 449 402 708 162 281 811 154 240 12 418 658 536 393 179 183 251 463 439 115 378 215 207 795 794 533 728 773 558 989 272 450 634 533 597 750 520 828 175 519 478 332 270 792 669 649 791 282 620 928 440 107 478 854 189 182 677 417 114 
339 401 534 404 120 760 282 55 238 636 799 784 919 423 103 929 353 108 273 79 0 48 836 428 75 415 589 596 887 193 675 345 499 673 576 252 749 196 46 443 495 707 889 286 142 877 453 975 49 185 714 785 900 625 388 582 780 37 748 939 99 206 417 249 886 580 35 755 584 107 157 798 100 193 966 236 976 360 874 64 671 467 575 710 47 785 593 816 714 657 936 156 627 412 617 769 330 247 865 897 
930 777 235 70 365 653 203 806 628 396 35 637 310 757 122 920 761 442 790 636 48 0 275 9 204 13 153 622 853 9 908 29 384 69 860 379 458 202 310 655 852 54 563 394 615 102 82 706 549 469 943 289 564 354 748 540 738 789 405 844 89 655 312 173 792 185 722 118 651 674 938 749 811 413 68 22 932 63 68 219 479 726 971 921 571 965 435 514 726 942 813 639 332 53 699 900 894 187 482 981 
393 984 737 96 261 794 386 627 477 71 801 690 524 325 508 831 167 738 14 296 836 275 0 754 358 713 808 677 667 243 511 895 501 955 177 99 306 999 587 320 842 95 779 394 855 920 385 273 651 976 45 531 162 774 11 212 583 859 580 305 186 666 73 725 699 728 920 856 96 797 163 81 916 110 728 986 554 723 516 533 264 295 289 685 80 585 351 661 558 784 648 856 567 254 464 136 13 594 192 411 
455 186 60 106 769 659 287 195 785 422 94 478 220 293 764 38 193 245 427 244 428 9 754 0 607 628 47 1 191 89 973 686 953 745 210 701 527 790 26 105 88 913 980 386 110 617 9 698 399 743 113 659 962 108 652 587 356 441 571 605 676 122 247 98 971 231 627 356 220 876 300 156 270 440 650 239 417 386 212 116 806 78 462 625 631 847 643 651 13 635 387 551 955 395 210 442 301 563 505 840 
200 41 751 310 879 786 415 467 426 609 144 468 78 76 482 135 967 65 141 694 75 204 358 607 0 381 613 132 691 830 320 934 200 747 273 911 967 358 159 747 822 653 69 428 57 185 827 602 391 158 633 871 343 167 839 115 949 84 549 348 718 132 138 537 242 800 972 297 868 269 593 619 904 680 674 479 462 57 301 685 626 29 822 457 802 579 251 9 965 836 526 940 717 49 626 199 903 163 812 816 
491 813 478 331 43 310 767 621 708 906 44 940 906 451 793 1 77 619 260 184 415 13 713 628 381 0 293 176 15 316 466 481 573 133 82 591 236 987 675 160 24 790 755 5 182 980 436 379 263 967 638 998 589 470 174 860 619 837 762 24 6 280 803 752 397 19 965 464 50 87 825 381 631 532 965 247 444 80 702 671 853 823 765 315 205 241 148 847 697 41 99 728 675 571 702 287 750 195 507 609 
214 72 369 111 745 235 822 111 890 45 51 334 387 606 312 542 467 20 809 442 589 153 808 47 613 293 0 382 736 122 437 506 432 83 939 853 868 720 411 607 662 98 186 778 23 969 495 836 946 731 697 487 872 157 434 506 226 986 442 109 757 5 35 565 857 324 360 988 388 8 272 443 972 510 596 424 238 715 7 171 446 582 58 692 917 620 59 877 417 57 362 572 739 246 432 866 545 382 271 392 
113 320 83 547 370 654 96 112 716 718 427 839 930 168 541 366 270 958 629 170 596 622 677 1 132 176 382 0 135 319 753 560 107 68 940 764 321 558 490 402 192 935 969 524 821 710 268 572 441 29 257 708 327 873 730 129 148 133 823 882 116 19 165 933 268 544 306 998 248 382 970 699 145 673 908 266 87 331 566 213 893 534 40 344 59 953 786 850 525 755 562 252 382 947 730 661 293 985 315 282 
278 371 529 314 917 775 858 922 348 988 443 643 668 417 896 917 396 143 86 680 887 853 667 191 691 15 736 135 0 286 571 931 604 565 329 88 402 214 618 397 959 672 546 543 2 508 676 931 604 310 540 902 151 376 138 28 861 131 113 421 989 239 423 514 326 871 868 364 301 745 159 575 158 319 99 620 268 393 549 569 565 935 758 253 750 649 716 608 924 437 274 702 851 817 795 716 780 441 199 1 
295 257 576 519 796 153 475 339 214 738 292 994 574 94 805 124 669 563 309 173 193 9 243 89 830 316 122 319 286 0 404 171 296 779 145 743 120 409 38 683 750 449 916 328 175 631 970 71 889 40 686 438 567 836 924 716 276 198 719 512 507 266 425 68 416 200 906 114 536 594 464 501 941 801 315 912 934 20 600 534 635 605 794 728 910 536 702 471 615 595 947 188 347 450 658 764 761 225 682 822 
869 658 607 110 268 88 631 544 910 883 141 755 502 227 879 404 695 983 610 970 675 908 511 973 320 466 437 753 571 404 0 418 602 134 164 816 653 494 919 735 237 58 666 788 919 891 877 474 380 491 605 124 869 848 580 839 648 983 174 153 140 901 300 292 476 789 582 291 505 881 724 667 766 735 945 881 699 554 968 173 129 439 269 522 265 688 494 230 784 395 888 275 882 728 464 253 886 431 402 340 
999 714 228 242 475 942 203 494 7 62 411 661 586 145 255 757 261 716 55 600 345 29 895 686 934 481 506 560 931 171 418 0 887 827 553 731 379 973 222 165 945 121 134 852 626 123 476 901 416 776 102 752 844 131 146 176 634 590 28 399 735 211 389 451 635 250 639 486 75 158 883 624 304 76 119 586 968 969 27 421 947 844 580 932 482 927 672 870 724 216 684 996 17 436 765 197 851 407 142 353 
436 636 156 599 643 361 297 363 347 938 694 518 727 445 125 760 297 879 792 18 499 384 501 953 200 573 432 107 604 296 602 887 0 597 62 950 784 872 124 906 664 532 22 834 467 137 306 572 717 620 132 600 965 349 786 697 861 160 226 490 853 964 846 329 516 709 674 327 635 381 330 629 69 479 24 625 87 379 820 237 639 322 797 814 373 966 719 967 163 831 152 54 611 833 983 115 445 726 937 705 
982 857 452 365 667 881 187 999 103 93 615 890 785 374 487 81 129 396 454 544 673 69 955 745 747 133 83 68 565 779 134 827 597 0 78 848 911 781 526 935 239 645 318 537 977 43 207 23 231 475 406 792 962 225 477 156 200 358 824 88 494 251 514 411 115 943 61 595 609 416 386 855 392 351 97 452 448 986 111 398 538 705 831 499 642 459 434 938 711 167 376 223 223 651 874 143 189 622 965 153 
620 722 843 6 3 821 244 598 409 661 604 163 289 454 971 240 231 48 488 172 576 860 177 210 273 82 939 940 329 145 164 553 62 78 0 845 348 44 448 699 225 5 789 108 598 14 506 699 801 211 564 172 746 565 570 588 845 892 132 753 217 880 485 577 253 174 98 67 728 483 544 751 235 372 200 764 85 569 371 5 115 63 764 585 873 211 996 841 558 315 123 273 424 54 946 107 777 573 402 52 
222 434 993 159 770 945 877 486 875 276 856 716 421 979 702 925 271 799 104 103 252 379 99 701 911 591 853 764 88 743 816 731 950 848 845 0 790 524 942 385 844 245 573 706 134 666 699 942 323 144 574 815 89 727 995 172 329 134 623 765 258 603 670 364 384 981 153 506 399 879 134 515 685 740 820 544 913 850 717 948 120 314 212 154 401 71 980 690 666 158 127 566 625 69 377 350 758 930 867 596 
443 885 930 918 506 428 114 874 644 775 644 170 300 538 774 536 408 745 74 79 749 458 306 527 967 236 868 321 402 120 653 379 784 911 348 790 0 21 921 971 839 451 98 625 644 712 566 233 70 299 999 360 858 891 970 858 544 684 938 899 632 505 249 471 929 993 696 794 139 691 113 322 301 354 81 433 245 758 51 78 832 11 895 475 284 504 43 779 897 385 710 738 517 196 873 891 780 486 216 521 
110 490 659 440 77 623 123 926 408 339 599 230 275 412 456 669 759 839 95 166 196 202 999 790 358 987 720 558 214 409 494 973 872 781 44 524 21 0 583 613 492 120 745 874 303 861 283 526 432 635 998 747 997 633 206 733 853 558 724 493 939 738 356 936 845 257 981 96 560 502 773 616 119 485 744 283 144 625 500 255 326 956 610 24 37 190 696 754 570 626 251 836 421 93 407 35 147 208 198 987 
581 1 870 233 471 839 562 846 874 999 524 783 334 211 206 202 186 320 162 783 46 310 587 26 159 675 411 490 618 38 919 222 124 526 448 942 921 583 0 810 574 921 20 266 132 385 655 193 476 765 852 243 715 781 705 174 979 227 909 294 238 970 425 36 933 179 584 120 701 12 682 164 844 96 195 184 824 4 896 611 366 884 586 481 254 928 348 767 698 66 708 415 540 253 510 483 777 680 469 512 
88 28 516 602 157 960 502 528 12 208 535 206 222 379 481 826 82 783 918 854 443 655 320 105 747 160 607 402 397 683 735 165 906 935 699 385 971 613 810 0 389 400 972 46 418 888 529 746 48 66 389 37 448 750 253 295 436 61 34 546 729 264 829 622 660 821 796 545 366 31 330 416 995 309 48 89 849 622 983 926 317 303 393 680 560 356 844 50 832 794 405 13 880 907 510 785 548 219 640 451 
976 270 214 968 904 239 575 620 261 984 231 759 281 773 560 323 510 911 856 335 495 852 842 88 822 24 662 192 959 750 237 945 664 239 225 844 839 492 574 389 0 520 318 167 839 228 267 582 685 54 165 606 323 355 48 292 944 742 879 289 266 536 887 457 961 685 41 156 986 131 393 889 524 867 317 799 831 282 771 985 583 365 93 974 819 507 969 589 811 607 9 701 105 451 162 55 355 331 591 871 
281 511 386 3 241 906 84 131 122 836 659 829 744 696 115 915 951 66 501 966 707 54 95 913 653 790 98 935 672 449 58 121 532 645 5 245 451 120 921 400 520 0 591 738 477 780 706 546 917 901 905 429 745 479 324 364 357 235 135 788 888 498 574 421 713 775 192 980 194 197 920 401 102 652 404 948 579 370 720 768 318 730 112 917 863 878 627 503 483 717 414 972 421 37 600 325 77 312 452 261 
443 239 528 115 785 509 102 992 57 831 723 436 759 834 328 613 788 734 691 449 889 563 779 980 69 755 186 969 546 916 666 134 22 318 789 573 98 745 20 972 318 591 0 213 197 731 483 451 665 399 202 567 794 389 187 85 232 942 57 719 137 819 325 981 577 894 654 434 350 937 873 538 973 154 900 876 85 597 344 597 253 386 924 222 447 862 340 198 510 855 893 814 649 86 670 175 51 237 3 273 
435 865 196 556 970 336 725 781 871 177 411 526 884 817 744 677 91 653 608 402 286 394 394 386 428 5 778 524 543 328 788 852 834 537 108 706 625 874 266 46 167 738 213 0 372 495 592 669 670 708 622 699 380 921 748 97 830 316 668 821 388 870 666 671 429 930 912 192 885 477 550 767 946 847 630 887 461 100 127 427 400 698 350 464 348 896 15 992 549 221 123 531 991 911 520 518 125 197 822 235 
968 53 929 560 957 556 192 291 936 468 2 703 238 733 996 678 383 509 548 708 142 615 855 110 57 182 23 821 2 175 919 626 467 977 598 134 644 303 132 418 839 477 197 372 0 749 182 696 137 283 942 421 0 122 670 273 844 934 445 280 912 528 490 627 779 915 528 123 346 697 308 310 350 43 740 199 477 205 267 681 524 507 323 111 425 401 851 964 122 377 971 340 910 437 516 808 131 220 30 215 
649 807 20 726 430 825 391 127 959 624 144 500 772 413 709 241 528 109 743 162 877 102 920 617 185 980 969 710 508 631 891 123 137 43 14 666 712 861 385 888 228 780 731 495 749 0 735 196 143 47 469 678 142 473 643 707 842 546 932 127 868 620 111 377 657 836 449 424 696 407 198 800 521 13 15 179 763 963 490 908 908 361 462 431 296 498 453 749 416 202 884 349 767 548 246 398 554 591 40 169 
872 624 297 768 946 917 556 727 931 152 824 620 767 622 867 424 172 790 38 281 453 82 385 9 827 436 495 268 676 970 877 476 306 207 506 699 566 283 655 529 267 706 483 592 182 735 0 324 402 876 471 240 405 743 935 915 304 53 265 489 43 250 14 903 713 332 187 638 142 79 298 825 678 667 822 464 826 388 512 721 845 307 391 86 222 24 102 106 678 328 484 976 188 625 158 667 360 696 346 926 
6 506 61 454 772 825 82 681 9 331 263 980 983 397 230 387 746 680 789 811 975 706 273 698 602 379 836 572 931 71 474 901 572 23 699 942 233 526 193 746 582 546 451 669 696 196 324 0 834 995 440 260 279 919 177 80 503 561 566 508 148 909 34 24 690 617 330 673 574 412 60 182 699 391 475 27 466 765 248 673 260 388 91 808 678 805 134 161 890 850 398 568 625 522 620 299 83 553 628 229 
217 311 61 236 479 579 605 417 587 856 41 787 490 63 179 433 749 914 958 154 49 549 651 399 391 263 946 441 604 889 380 416 717 231 801 323 70 432 476 48 685 917 665 670 137 143 402 834 0 333 299 775 841 324 678 384 492 996 551 587 101 953 16 69 506 592 889 717 601 292 664 883 453 682 386 602 673 121 647 887 893 110 626 462 556 354 161 588 130 715 272 639 385 534 246 858 667 854 622 688 
100 453 523 612 583 573 628 559 307 438 111 747 202 797 961 761 428 599 523 240 185 469 976 743 158 967 731 29 310 40 491 776 620 475 211 144 299 635 765 66 54 901 399 708 283 47 876 995 333 0 918 679 734 923 32 646 289 285 389 685 872 171 679 658 766 623 471 336 266 618 777 327 974 316 8 460 356 649 210 175 484 547 682 431 217 586 935 144 248 208 199 413 486 954 529 176 647 305 280 362 
731 552 254 311 144 96 759 423 71 158 190 114 296 538 472 136 473 744 586 12 714 943 45 113 633 638 697 257 540 686 605 102 132 406 564 574 999 998 852 389 165 905 202 622 942 469 471 440 299 918 0 93 743 638 84 917 906 745 813 298 764 564 44 643 648 65 584 705 808 770 242 199 102 872 159 802 111 826 747 334 301 228 205 70 334 159 80 964 714 57 594 765 634 100 774 737 34 85 189 951 
661 978 941 251 767 337 893 589 277 77 586 774 956 903 451 540 26 695 664 418 785 289 531 659 871 998 487 708 902 438 124 752 600 792 172 815 360 747 243 37 606 429 567 699 421 678 240 260 775 679 93 0 698 510 990 673 412 348 287 537 723 743 414 360 104 393 411 345 574 800 261 713 908 829 174 107 995 214 423 814 881 831 475 243 628 336 523 255 576 34 752 971 237 614 721 760 75 260 893 547 
724 67 450 237 437 343 445 469 590 305 142 787 657 164 404 893 288 680 760 658 900 564 162 962 343 589 872 327 151 567 869 844 965 962 746 89 858 997 715 448 323 745 794 380 0 142 405 279 841 734 743 698 0 719 898 671 340 500 378 419 546 350 914 834 527 916 437 11 894 677 292 203 912 292 682 188 153 761 230 966 279 603 69 253 156 710 484 208 186 43 795 326 173 494 287 523 275 285 267 850 
49 864 6 499 607 282 313 761 901 178 897 422 822 20 465 738 907 335 657 536 625 354 774 108 167 470 157 873 376 836 848 131 349 225 565 727 891 633 781 750 355 479 389 921 122 473 743 919 324 923 638 510 719 0 243 114 183 485 308 570 812 648 884 132 116 621 302 492 106 22 611 417 254 525 75 744 133 539 454 296 938 926 874 230 529 408 42 975 250 14 404 651 65 481 813 765 451 226 987 662 
591 611 879 508 324 107 939 72 915 394 783 626 610 18 725 691 305 88 80 393 388 748 11 652 839 174 434 730 138 924 580 146 786 477 570 995 970 206 705 253 48 324 187 748 670 643 935 177 678 32 84 990 898 243 0 178 978 858 293 613 180 378 436 28 818 70 402 546 291 537 279 447 482 670 954 473 425 502 961 950 241 726 22 472 889 170 155 423 865 984 305 12 120 825 224 27 267 722 474 994 
574 674 803 524 699 601 435 59 760 718 34 883 294 493 388 453 799 911 67 179 582 540 212 587 115 860 506 129 28 716 839 176 697 156 588 172 858 733 174 295 292 364 85 97 273 707 915 80 384 646 917 673 671 114 178 0 23 676 580 816 800 447 948 180 290 790 538 873 678 812 228 206 700 504 522 952 843 713 903 46 413 948 25 555 350 523 664 839 201 232 653 428 217 607 982 279 49 680 454 606 
965 90 888 948 11 790 141 455 922 793 485 917 103 68 200 354 314 56 92 183 780 738 583 356 949 619 226 148 861 276 648 634 861 200 845 329 544 853 979 436 944 357 232 830 844 842 304 503 492 289 906 412 340 183 978 23 0 891 4 412 530 750 647 166 247 667 694 207 44 170 172 720 676 365 419 162 331 296 463 683 133 299 38 333 453 757 754 494 883 42 89 366 153 826 535 914 508 872 616 293 
796 641 773 130 820 238 839 607 130 94 513 300 97 336 967 505 82 902 959 251 37 789 859 441 84 837 986 133 131 198 983 590 160 358 892 134 684 558 227 61 742 235 942 316 934 546 53 561 996 285 745 348 500 485 858 676 891 0 642 738 873 209 96 377 469 144 976 613 222 275 848 798 392 125 891 910 21 544 815 603 39 818 293 203 700 970 140 367 605 313 88 492 868 480 454 714 991 88 871 385 
880 96 753 364 603 19 376 551 853 58 775 354 319 494 257 865 467 438 127 463 748 405 580 571 549 762 442 823 113 719 174 28 226 824 132 623 938 724 909 34 879 135 57 668 445 932 265 566 551 389 813 287 378 308 293 580 4 642 0 109 456 356 611 742 785 729 377 67 29 334 342 700 920 606 120 794 783 783 965 556 452 302 943 932 725 970 706 358 541 640 482 534 794 486 445 992 314 829 306 452 
82 708 381 154 467 203 22 741 341 221 331 675 657 506 697 924 202 155 196 439 939 844 305 605 348 24 109 882 421 512 153 399 490 88 753 765 899 493 294 546 289 788 719 821 280 127 489 508 587 685 298 537 419 570 613 816 412 738 109 0 722 476 828 559 125 96 688 453 649 449 508 434 333 311 778 908 185 751 306 373 488 200 41 827 922 864 453 93 671 12 257 507 570 599 69 213 733 659 520 883 
883 629 854 196 416 462 760 795 367 4 2 823 774 257 193 132 259 421 811 115 99 89 186 676 718 6 757 116 989 507 140 735 853 494 217 258 632 939 238 729 266 888 137 388 912 868 43 148 101 872 764 723 546 812 180 800 530 873 456 722 0 116 653 684 386 600 226 173 122 234 211 655 564 501 827 609 301 85 556 600 601 827 958 607 844 128 613 192 495 961 67 578 732 725 930 957 614 782 833 120 
669 916 144 439 601 781 421 279 864 30 286 647 972 583 291 175 523 936 146 378 206 655 666 122 132 280 5 19 239 266 901 211 964 251 880 603 505 738 970 264 536 498 819 870 528 620 250 909 953 171 564 743 350 648 378 447 750 209 356 476 116 0 324 788 935 854 804 772 955 386 6 793 235 633 872 883 321 879 940 68 958 798 301 473 615 602 38 204 703 950 771 994 711 819 223 245 690 394 553 260 
395 770 403 821 197 147 392 974 86 689 189 828 200 224 10 357 301 949 806 215 417 312 73 247 138 803 35 165 423 425 300 389 846 514 485 670 249 356 425 829 887 574 325 666 490 111 14 34 16 679 44 414 914 884 436 948 647 96 611 828 653 324 0 809 916 546 602 494 661 81 592 943 997 406 700 550 94 844 534 676 997 972 852 143 68 474 94 908 510 649 217 225 136 755 226 648 223 560 299 888 
811 716 735 527 595 569 260 670 633 759 85 731 922 851 21 198 507 926 899 207 249 173 725 98 537 752 565 933 514 68 292 451 329 411 577 364 471 936 36 622 457 421 981 671 627 377 903 24 69 658 643 360 834 132 28 180 166 377 742 559 684 788 809 0 912 142 747 374 760 89 583 162 169 703 708 226 322 16 15 864 528 559 337 213 114 835 277 584 323 135 831 302 937 401 538 943 677 498 506 491 
724 90 32 102 986 988 221 17 16 546 658 699 578 582 718 615 998 356 91 795 886 792 699 971 242 397 857 268 326 416 476 635 516 115 253 384 929 845 933 660 961 713 577 429 779 657 713 690 506 766 648 104 527 116 818 290 247 469 785 125 386 935 916 912 0 125 937 962 558 696 564 385 373 958 887 55 804 570 585 982 316 8 996 809 799 941 617 27 597 398 242 415 857 97 783 987 696 958 273 286 
730 140 739 618 517 915 28 55 647 975 705 611 672 308 89 179 250 115 826 794 580 185 728 231 800 19 324 544 871 200 789 250 709 943 174 981 993 257 179 821 685 775 894 930 915 836 332 617 592 623 65 393 916 621 70 790 667 144 729 96 600 854 546 142 125 0 400 725 522 435 344 179 834 527 546 934 940 406 144 6 358 545 41 539 674 880 69 429 768 709 388 490 670 291 720 278 680 418 961 768 
846 507 952 395 161 119 695 891 318 137 303 900 72 977 197 65 345 526 954 533 35 722 920 627 972 965 360 306 868 906 582 639 674 61 98 153 696 981 584 796 41 192 654 912 528 449 187 330 889 471 584 411 437 302 402 538 694 976 377 688 226 804 602 747 937 400 0 15 83 250 29 704 232 10 653 870 977 759 865 189 701 664 919 731 518 934 71 241 460 488 619 379 515 914 282 979 555 217 420 10 
712 24 152 302 324 167 376 453 802 769 897 935 784 786 307 681 772 990 93 728 755 118 856 356 297 464 988 998 364 114 291 486 327 595 67 506 794 96 120 545 156 980 434 192 123 424 638 673 717 336 705 345 11 492 546 873 207 613 67 453 173 772 494 374 962 725 15 0 26 59 816 779 295 654 641 205 879 376 36 306 918 866 337 495 918 900 359 135 433 908 58 853 84 692 714 737 671 950 883 735 
169 546 933 579 333 56 893 273 357 967 624 481 870 320 473 438 705 925 806 773 584 651 96 220 868 50 388 248 301 536 505 75 635 609 728 399 139 560 701 366 986 194 350 885 346 696 142 574 601 266 808 574 894 106 291 678 44 222 29 649 122 955 661 760 558 522 83 26 0 361 834 994 973 601 932 360 964 482 662 754 218 219 867 953 544 807 374 108 264 824 432 605 152 563 92 961 744 187 406 652 
919 114 108 337 305 544 891 403 970 462 556 941 608 631 833 89 369 853 87 558 107 674 797 876 269 87 8 382 745 594 881 158 381 416 483 879 691 502 12 31 131 197 937 477 697 407 79 412 292 618 770 800 677 22 537 812 170 275 334 449 234 386 81 89 696 435 250 59 361 0 847 378 399 11 227 233 188 571 4 798 727 845 28 233 720 604 680 698 594 580 117 764 34 640 317 312 298 464 597 72 
682 331 93 908 821 152 440 580 145 326 28 625 79 216 543 580 944 202 116 989 157 938 163 300 593 825 272 970 159 464 724 883 330 386 544 134 113 773 682 330 393 920 873 550 308 198 298 60 664 777 242 261 292 611 279 228 172 848 342 508 211 6 592 583 564 344 29 816 834 847 0 274 816 758 7 203 49 14 474 737 817 253 419 641 608 429 630 592 468 391 117 811 22 952 760 895 855 326 414 411 
669 518 181 503 601 958 530 136 597 96 431 983 622 626 250 454 540 832 148 272 798 749 81 156 619 381 443 699 575 501 667 624 629 855 751 515 322 616 164 416 889 401 538 767 310 800 825 182 883 327 199 713 203 417 447 206 720 798 700 434 655 793 943 162 385 179 704 779 994 378 274 0 498 772 31 814 640 264 174 653 947 526 650 465 500 185 400 520 17 824 348 253 592 258 417 685 487 967 872 108 
532 204 498 160 664 519 182 412 313 109 886 447 675 300 58 190 106 584 903 450 100 811 916 270 904 631 972 145 158 941 766 304 69 392 235 685 301 119 844 995 524 102 973 946 350 521 678 699 453 974 102 908 912 254 482 700 676 392 920 333 564 235 997 169 373 834 232 295 973 399 816 498 0 747 196 909 306 471 845 768 932 1 849 295 100 630 817 115 311 593 374 162 462 328 14 32 891 994 491 220 
169 422 924 909 167 721 20 196 912 271 371 662 533 177 156 82 887 911 807 634 193 413 110 440 680 532 510 673 319 801 735 76 479 351 372 740 354 485 96 309 867 652 154 847 43 13 667 391 682 316 872 829 292 525 670 504 365 125 606 311 501 633 406 703 958 527 10 654 601 11 758 772 747 0 927 650 526 372 465 480 795 742 446 712 975 133 410 259 357 595 526 664 526 57 467 376 233 20 704 95 
255 473 369 18 537 402 700 55 777 884 769 855 163 116 173 857 547 265 224 533 966 68 728 650 674 965 596 908 99 315 945 119 24 97 200 820 81 744 195 48 317 404 900 630 740 15 822 475 386 8 159 174 682 75 954 522 419 891 120 778 827 872 700 708 887 546 653 641 932 227 7 31 196 927 0 497 236 991 714 245 606 71 781 840 152 398 152 982 787 122 936 548 990 156 572 823 778 896 125 787 
418 698 608 390 222 972 852 733 479 290 835 419 436 562 76 742 341 439 891 597 236 22 986 239 479 247 424 266 620 912 881 586 625 452 764 544 433 283 184 89 799 948 876 887 199 179 464 27 602 460 802 107 188 744 473 952 162 910 794 908 609 883 550 226 55 934 870 205 360 233 203 814 909 650 497 0 605 65 150 894 177 978 193 380 522 641 641 318 650 960 741 173 779 552 560 965 620 134 626 174 
586 887 630 634 727 721 135 964 170 992 427 538 62 367 212 730 556 985 320 750 976 932 554 417 462 444 238 87 268 934 699 968 87 448 85 913 245 144 824 849 831 579 85 461 477 763 826 466 673 356 111 995 153 133 425 843 331 21 783 185 301 321 94 322 804 940 977 879 964 188 49 640 306 526 236 605 0 448 467 277 355 725 648 496 722 726 904 814 446 409 59 506 701 150 264 637 803 149 39 657 
313 776 635 33 932 783 589 483 727 304 879 524 958 296 177 872 380 505 259 520 360 63 723 386 57 80 715 331 393 20 554 969 379 986 569 850 758 625 4 622 282 370 597 100 205 963 388 765 121 649 826 214 761 539 502 713 296 544 783 751 85 879 844 16 570 406 759 376 482 571 14 264 471 372 991 65 448 0 105 847 269 887 48 379 400 57 949 359 777 832 230 783 250 249 713 314 968 10 889 940 
448 19 335 653 730 567 573 320 232 557 387 786 554 228 284 601 549 514 190 828 874 68 516 212 301 702 7 566 549 600 968 27 820 111 371 717 51 500 896 983 771 720 344 127 267 490 512 248 647 210 747 423 230 454 961 903 463 815 965 306 556 940 534 15 585 144 865 36 662 4 474 174 845 465 714 150 467 105 0 939 839 735 655 231 944 842 715 829 409 735 126 789 831 31 811 200 399 436 250 400 
44 585 219 886 77 905 575 102 439 450 730 903 902 834 593 565 93 74 199 175 64 219 533 116 685 671 171 213 569 534 173 421 237 398 5 948 78 255 611 926 985 768 597 427 681 908 721 673 887 175 334 814 966 296 950 46 683 603 556 373 600 68 676 864 982 6 189 306 754 798 737 653 768 480 245 894 277 847 939 0 384 555 636 611 363 57 325 880 732 314 938 572 587 368 621 657 511 480 641 211 
938 794 82 615 479 617 50 952 654 401 272 303 962 518 331 503 589 533 181 519 671 479 264 806 626 853 446 893 565 635 129 947 639 538 115 120 832 326 366 317 583 318 253 400 524 908 845 260 893 484 301 881 279 938 241 413 133 39 452 488 601 958 997 528 316 358 701 918 218 727 817 947 932 795 606 177 355 269 839 384 0 435 848 423 226 35 602 755 482 557 388 860 103 559 839 135 324 317 926 693 
461 817 562 14 239 424 661 473 552 269 915 564 252 142 980 873 952 965 233 478 467 726 295 78 29 823 582 534 935 605 439 844 322 705 63 314 11 956 884 303 365 730 386 698 507 361 307 388 110 547 228 831 603 926 726 948 299 818 302 200 827 798 972 559 8 545 664 866 219 845 253 526 1 742 71 978 725 887 735 555 435 0 620 659 457 969 443 459 944 660 773 972 117 285 803 850 739 455 38 616 
519 136 956 641 199 707 394 416 51 178 523 654 25 298 146 543 58 761 798 332 575 971 289 462 822 765 58 40 758 794 269 580 797 831 764 212 895 610 586 393 93 112 924 350 323 462 391 91 626 682 205 475 69 874 22 25 38 293 943 41 958 301 852 337 996 41 919 337 867 28 419 650 849 446 781 193 648 48 655 636 848 620 0 78 659 238 939 252 373 931 509 118 738 287 839 75 528 306 971 788 
997 649 971 728 47 172 615 248 50 787 231 634 448 959 766 370 571 289 23 270 710 921 685 625 457 315 692 344 253 728 522 932 814 499 585 154 475 24 481 680 974 917 222 464 111 431 86 808 462 431 70 243 253 230 472 555 333 203 932 827 607 473 143 213 809 539 731 495 953 233 641 465 295 712 840 380 496 379 231 611 423 659 78 0 36 328 833 813 366 218 45 37 21 298 798 427 628 525 599 639 
753 98 26 859 233 330 367 977 136 499 579 22 428 289 179 406 951 244 738 792 47 571 80 631 802 205 917 59 750 910 265 482 373 642 873 401 284 37 254 560 819 863 447 348 425 296 222 678 556 217 334 628 156 529 889 350 453 700 725 922 844 615 68 114 799 674 518 918 544 720 608 500 100 975 152 522 722 400 944 363 226 457 659 36 0 180 206 934 953 232 266 663 13 957 278 280 700 85 611 469 
400 217 136 544 536 557 935 819 160 829 96 736 482 43 147 126 363 803 914 669 785 965 585 847 579 241 620 953 649 536 688 927 966 459 211 71 504 190 928 356 507 878 862 896 401 498 24 805 354 586 159 336 710 408 170 523 757 970 970 864 128 602 474 835 941 880 934 900 807 604 429 185 630 133 398 641 726 57 842 57 35 969 238 328 180 0 979 393 882 137 126 161 183 958 844 809 676 859 855 604 
94 112 692 740 590 432 375 872 532 284 795 766 391 873 411 29 925 690 411 649 593 435 351 643 251 148 59 786 716 702 494 672 719 434 996 980 43 696 348 844 969 627 340 15 851 453 102 134 161 935 80 523 484 42 155 664 754 140 706 453 613 38 94 277 617 69 71 359 374 680 630 400 817 410 152 641 904 949 715 325 602 443 939 833 206 979 0 40 34 962 917 364 985 716 213 28 309 749 495 258 
427 353 921 183 142 466 950 889 6 592 193 870 68 251 417 890 46 577 562 791 816 514 661 651 9 847 877 850 608 471 230 870 967 938 841 690 779 754 767 50 589 503 198 992 964 749 106 161 588 144 964 255 208 975 423 839 494 367 358 93 192 204 908 584 27 429 241 135 108 698 592 520 115 259 982 318 814 359 829 880 755 459 252 813 934 393 40 0 212 872 868 44 356 41 853 534 683 713 387 684 
779 340 516 874 163 195 696 995 660 59 961 97 901 227 225 382 587 793 868 282 714 726 558 13 965 697 417 525 924 615 784 724 163 711 558 666 897 570 698 832 811 483 510 549 122 416 678 890 130 248 714 576 186 250 865 201 883 605 541 671 495 703 510 323 597 768 460 433 264 594 468 17 311 357 787 650 446 777 409 732 482 944 373 366 953 882 34 212 0 654 892 224 714 379 184 406 730 763 520 353 
577 66 506 829 989 665 597 303 593 538 518 580 603 158 697 417 774 682 2 620 657 942 784 635 836 41 57 755 437 595 395 216 831 167 315 158 385 626 66 794 607 717 855 221 377 202 328 850 715 208 57 34 43 14 984 232 42 313 640 12 961 950 649 135 398 709 488 908 824 580 391 824 593 595 122 960 409 832 735 314 557 660 931 218 232 137 962 872 654 0 936 280 946 272 272 73 346 852 887 506 
131 855 616 755 143 631 923 711 339 148 129 322 705 679 343 343 462 671 165 928 936 813 648 387 526 99 362 562 274 947 888 684 152 376 123 127 710 251 708 405 9 414 893 123 971 884 484 398 272 199 594 752 795 404 305 653 89 88 482 257 67 771 217 831 242 388 619 58 432 117 117 348 374 526 936 741 59 230 126 938 388 773 509 45 266 126 917 868 892 936 0 119 543 400 835 96 723 530 426 561 
851 989 236 298 156 55 324 355 514 430 500 992 710 844 568 406 608 483 80 440 156 639 856 551 940 728 572 252 702 188 275 996 54 223 273 566 738 836 415 13 701 972 814 531 340 349 976 568 639 413 765 971 326 651 12 428 366 492 534 507 578 994 225 302 415 490 379 853 605 764 811 253 162 664 548 173 506 783 789 572 860 972 118 37 663 161 364 44 224 280 119 0 414 593 658 539 774 289 166 95 
39 164 651 855 234 669 618 704 161 942 619 569 70 432 128 875 297 966 723 107 627 332 567 955 717 675 739 382 851 347 882 17 611 223 424 625 517 421 540 880 105 421 649 991 910 767 188 625 385 486 634 237 173 65 120 217 153 868 794 570 732 711 136 937 857 670 515 84 152 34 22 592 462 526 990 779 701 250 831 587 103 117 738 21 13 183 985 356 714 946 543 414 0 963 591 778 966 216 506 306 
792 91 98 294 866 666 826 829 620 355 399 930 487 659 763 103 856 12 180 478 412 53 254 395 49 571 246 947 817 450 728 436 833 651 54 69 196 93 253 907 451 37 86 911 437 548 625 522 534 954 100 614 494 481 825 607 826 480 486 599 725 819 755 401 97 291 914 692 563 640 952 258 328 57 156 552 150 249 31 368 559 285 287 298 957 958 716 41 379 272 400 593 963 0 886 889 468 346 558 928 
435 801 390 54 742 798 298 605 288 858 796 205 117 145 817 431 132 227 692 854 617 699 464 210 626 702 432 730 795 658 464 765 983 874 946 377 873 407 510 510 162 600 670 520 516 246 158 620 246 529 774 721 287 813 224 982 535 454 445 69 930 223 226 538 783 720 282 714 92 317 760 417 14 467 572 560 264 713 811 621 839 803 839 798 278 844 213 853 184 272 835 658 591 886 0 914 30 897 212 524 
672 735 541 291 263 173 649 356 313 633 594 945 481 148 65 251 519 785 356 189 769 900 136 442 199 287 866 661 716 764 253 197 115 143 107 350 891 35 483 785 55 325 175 518 808 398 667 299 858 176 737 760 523 765 27 279 914 714 992 213 957 245 648 943 987 278 979 737 961 312 895 685 32 376 823 965 637 314 200 657 135 850 75 427 280 809 28 534 406 73 96 539 778 889 914 0 49 212 69 723 
606 134 399 528 381 330 861 444 333 233 977 269 938 89 857 796 83 972 334 182 330 894 13 301 903 750 545 293 780 761 886 851 445 189 777 758 780 147 777 548 355 77 51 125 131 554 360 83 667 647 34 75 275 451 267 49 508 991 314 733 614 690 223 677 696 680 555 671 744 298 855 487 891 233 778 620 803 968 399 511 324 739 528 628 700 676 309 683 730 346 723 774 966 468 30 49 0 440 280 111 
814 18 38 832 617 418 534 357 385 777 478 679 901 210 902 606 236 410 610 677 247 187 594 563 163 195 382 985 441 225 431 407 726 622 573 930 486 208 680 219 331 312 237 197 220 591 696 553 854 305 85 260 285 226 722 680 872 88 829 659 782 394 560 498 958 418 217 950 187 464 326 967 994 20 896 134 149 10 436 480 317 455 306 525 85 859 749 713 763 852 530 289 216 346 897 212 440 0 632 606 
933 448 697 905 422 571 671 638 495 590 803 309 588 225 115 307 694 374 128 417 865 482 192 505 812 507 271 315 199 682 402 142 937 965 402 867 216 198 469 640 591 452 3 822 30 40 346 628 622 280 189 893 267 987 474 454 616 871 306 520 833 553 299 506 273 961 420 883 406 597 414 872 491 704 125 626 39 889 250 641 926 38 971 599 611 855 495 387 520 887 426 166 506 558 212 69 280 632 0 848 
666 261 244 939 208 187 372 451 571 514 908 728 338 33 434 577 687 193 566 114 897 981 411 840 816 609 392 282 1 822 340 353 705 153 52 596 521 987 512 451 871 261 273 235 215 169 926 229 688 362 951 547 850 662 994 606 293 385 452 883 120 260 888 491 286 768 10 735 652 72 411 108 220 95 787 174 657 940 400 211 693 616 788 639 469 604 258 684 353 506 561 95 306 928 524 723 111 606 848 0 
99
0 1 2 3 4 5 6 7 8 9 10 11 12 13 14 15 16 17 18 19 20 21 22 23 24 25 26 27 28 29 30 31 32 33 34 35 36 37 38 39 40 41 42 43 44 45 46 47 48 49 50 51 52 53 54 55 56 57 58 59 60 61 62 63 64 65 66 67 68 69 70 71 72 73 74 75 76 77 78 79 80 81 82 83 84 85 86 87 88 89 90 91 92 93 94 95 96 97 98 $
99
0 1 2 3 4 5 6 7 8 9 10 11 12 13 14 15 16 17 18 19 20 21 22 23 24 25 26 27 28 29 30 31 32 $
99
0 1 2 3 4 5 6 7 8 9 10 11 12 13 14 15 16 17 18 19 $
